19,43,22,32,01,06
27,16,30,23,29,06
15,16,41,46,45,42
08,48,39,38,13,36
46,12,39,26,23,49
20,08,22,04,14,35
47,29,31,07,24,16
38,27,46,15,08,49
29,17,47,03,07,26
28,05,46,22,27,49
10,02,42,45,15,11
39,32,04,12,18,10
44,36,20,49,24,47
21,29,22,11,41,38
19,28,26,39,45,08
07,09,06,04,13,36
14,11,02,26,34,36
31,27,19,20,11,28
38,31,49,02,08,10
03,19,33,39,29,26
01,36,08,27,19,03
38,22,44,34,36,45
32,28,48,25,16,38
33,48,47,28,26,41
01,31,40,30,42,33
09,21,30,42,38,34
31,37,36,09,24,30
13,33,01,03,18,32
16,31,30,46,25,04
08,17,23,13,34,35
34,06,18,38,04,30
20,03,15,13,06,12
47,05,06,46,09,15
10,16,40,17,03,09
42,20,27,31,04,28
05,49,14,27,34,19
22,09,08,31,02,44
32,02,28,40,37,27
49,04,20,46,40,30
25,10,13,15,20,37
15,02,23,17,42,30
37,33,04,31,07,30
31,13,45,20,41,46
22,36,47,06,37,04
05,24,12,14,43,20
34,29,41,49,32,05
25,38,48,29,24,35
31,42,05,34,11,14
17,19,14,47,46,16
30,29,03,27,17,04
32,03,31,09,30,16
41,47,24,20,29,12
06,23,12,44,05,24
35,03,04,49,13,19
21,12,25,33,32,18
40,01,20,36,35,29
48,19,08,29,33,44
25,06,38,13,29,18
08,45,35,32,34,47
24,21,44,20,17,13
39,01,38,11,22,10
06,16,36,12,30,28
20,03,48,30,26,38
21,30,04,25,22,37
40,05,03,41,17,25
46,14,06,37,11,15
19,36,14,09,16,49
40,46,38,17,43,12
07,09,45,14,41,35
25,30,23,21,47,06
11,09,25,23,31,18
19,43,32,45,24,03
41,48,06,40,03,10
34,13,05,15,20,26
06,34,35,25,18,29
01,05,40,09,43,36
46,45,18,15,42,26
32,15,39,04,40,29
11,32,19,48,34,14
18,35,44,42,09,38
01,25,38,03,49,21
26,42,35,47,33,07
40,16,22,27,13,49
08,11,04,35,39,17
48,41,24,37,31,46
32,21,40,05,24,08
11,02,46,22,12,09
48,23,42,43,32,22
16,09,35,28,13,01
02,47,27,01,22,17
30,16,25,43,09,31
33,18,32,38,01,26
24,04,48,07,15,23
17,25,21,36,41,16
40,07,45,23,01,28
14,11,29,22,05,09
18,12,40,36,43,20
13,06,40,41,05,16
02,01,24,07,38,03
48,21,47,34,43,49
36,48,04,11,44,47
47,27,03,37,12,16
23,40,25,05,21,04
04,17,01,22,45,27
13,10,31,45,16,01
47,28,05,18,42,02
38,03,30,04,09,49
38,25,46,32,29,41
31,21,02,25,15,19
22,06,37,05,23,45
13,08,07,46,31,43
15,12,39,47,32,11
26,09,25,28,39,03
34,06,18,14,13,29
38,19,40,34,43,17
04,21,26,40,42,18
29,37,36,19,21,39
04,10,31,06,33,02
01,30,18,49,32,34
41,17,49,46,43,19
43,30,36,40,14,45
47,25,34,03,01,45
25,37,34,13,43,02
30,24,45,18,28,41
41,36,03,28,13,47
15,11,24,37,14,41
42,37,33,11,13,03
07,08,35,16,33,36
35,33,24,46,10,03
46,30,33,20,37,48
11,24,21,28,07,14
29,21,20,39,14,10
42,08,15,41,20,24
23,25,21,08,24,15
41,16,19,27,39,38
33,06,19,12,39,23
49,47,13,11,42,43
48,44,41,23,34,12
22,34,19,18,47,05
19,27,06,44,01,39
38,22,41,04,12,34
32,24,35,03,49,25
31,46,29,40,27,14
37,45,19,09,11,03
28,03,46,49,07,05
42,44,26,04,25,31
20,23,14,22,21,16
33,37,18,27,29,39
32,33,12,10,35,22
04,37,32,27,25,46
05,07,02,01,37,48
43,41,25,20,44,48
46,02,16,43,48,04
21,42,35,36,25,15
46,44,20,33,01,03
27,36,28,42,23,03
22,42,28,37,36,07
33,46,28,24,39,07
16,23,43,47,31,21
29,45,08,39,25,44
22,32,09,36,08,20
37,28,34,33,09,11
10,29,02,27,16,05
35,26,39,23,40,02
19,05,44,04,32,20
17,05,28,18,47,06
01,48,26,47,44,22
03,10,13,25,19,15
08,10,06,23,36,13
24,44,26,46,29,08
03,42,48,41,17,16
27,48,46,16,45,34
04,39,42,16,46,03
13,20,32,24,21,43
02,25,36,47,41,31
36,04,01,29,15,45
25,48,18,35,49,36
48,30,36,29,03,08
14,27,32,45,03,30
02,40,24,30,17,15
22,37,47,16,24,40
05,38,07,32,08,23
21,08,02,33,35,25
26,45,02,46,30,08
38,49,34,02,45,39
16,33,29,30,38,28
36,16,03,08,41,33
09,39,01,26,20,34
18,16,09,48,06,35
41,36,10,09,49,37
34,45,39,05,04,41
24,18,44,19,16,43
20,21,26,06,04,25
24,38,40,39,10,34
18,16,03,32,10,23
14,34,22,09,39,03
39,27,04,08,11,46
17,23,47,26,02,39
07,08,29,40,48,25
02,08,26,24,36,37
15,23,48,36,01,14
27,17,09,39,41,25
08,13,41,43,05,46
29,30,47,07,09,27
38,16,33,29,27,25
08,03,27,17,45,20
39,36,13,01,10,21
05,43,34,02,33,26
20,11,33,14,47,38
09,14,06,27,32,44
18,10,31,27,35,20
21,26,15,29,33,31
33,07,38,32,49,09
26,41,28,07,45,19
26,22,42,40,45,39
22,34,12,05,32,45
15,06,08,39,05,03
01,15,19,21,17,16
14,35,23,06,10,48
30,44,32,48,29,37
43,49,29,30,48,37
36,12,07,10,47,29
28,40,43,39,12,16
40,07,21,45,32,46
28,04,11,37,19,47
43,27,09,08,30,45
27,37,42,38,22,03
34,28,29,16,09,03
46,13,45,37,17,26
35,15,13,37,25,47
09,29,45,17,14,26
11,17,16,04,10,29
41,45,11,03,28,23
23,30,22,03,41,19
45,10,25,03,37,13
25,30,01,42,28,06
29,23,12,31,22,13
14,18,34,26,24,28
31,18,21,01,34,28
14,26,47,44,31,30
36,12,32,23,28,40
05,03,32,24,26,36
36,10,24,46,35,42
26,44,18,37,28,21
25,38,07,48,27,46
05,46,12,23,47,31
07,38,42,29,48,02
21,46,47,08,43,11
28,39,19,16,01,12
13,36,07,19,06,01
21,30,03,18,06,11
11,15,17,38,44,09
08,19,40,28,39,41
43,17,30,32,10,47
18,42,16,26,41,40
44,03,38,07,43,36
36,15,11,03,26,46
01,33,38,48,02,04
29,25,19,23,07,30
18,12,04,41,17,34
04,27,36,19,06,39
35,30,02,36,04,20
21,39,04,10,31,11
25,30,47,01,43,14
12,35,17,07,14,34
47,25,09,38,03,05
32,21,15,43,09,41
32,13,19,08,27,40
11,35,16,45,33,41
26,11,46,09,14,07
06,01,04,17,19,31
31,36,17,47,34,10
41,32,17,31,12,19
16,26,49,44,03,12
30,18,41,24,48,42
22,15,01,28,11,06
14,29,16,10,31,42
42,01,17,05,34,45
36,16,35,48,11,03
32,22,16,36,10,27
24,26,21,17,48,43
34,36,49,33,48,05
11,45,27,17,47,14
38,32,14,24,25,23
08,31,29,01,10,16
09,40,08,42,25,07
36,05,30,04,21,29
08,20,43,07,09,45
37,19,01,40,32,06
23,16,45,19,27,05
04,28,09,11,17,13
34,19,42,12,35,28
45,24,01,14,38,30
28,03,23,32,29,02
11,28,14,38,16,02
19,21,23,17,25,37
37,28,45,22,23,09
42,04,20,30,05,03
47,28,48,13,04,31
37,33,35,06,08,28
28,32,37,26,36,35
32,03,49,23,44,07
02,43,16,32,05,44
05,35,31,21,10,04
32,46,45,04,24,25
44,36,18,19,21,30
14,05,19,02,33,37
36,29,48,16,04,32
01,41,35,10,16,13
16,24,04,31,33,42
04,01,36,22,49,40
47,41,26,32,48,38
23,39,41,01,40,38
25,33,47,18,08,16
26,07,36,25,43,03
09,22,12,41,42,38
30,17,24,23,06,02
18,44,34,21,19,11
34,45,19,12,01,14
44,14,26,13,15,16
41,18,25,07,44,27
35,14,25,01,02,03
09,19,45,04,26,15
14,04,27,31,18,08
19,15,10,26,46,44
27,46,48,01,22,29
03,31,41,02,08,11
32,19,43,40,25,29
35,26,06,29,48,32
12,17,49,02,35,13
39,45,09,08,36,44
28,42,23,01,44,36
21,04,07,48,24,09
21,43,11,09,10,45
12,29,28,33,10,08
35,22,33,30,34,38
37,08,42,19,10,09
12,43,41,42,02,30
09,20,44,47,45,01
32,38,28,43,15,16
10,06,34,43,30,28
30,47,18,09,39,41
44,24,37,27,48,09
15,38,37,36,07,49
18,04,16,22,08,05
24,10,17,06,08,41
29,30,19,08,02,15
28,18,19,24,31,10
35,16,47,17,29,38
30,37,33,18,08,25
28,40,44,30,45,14
07,09,47,21,31,15
38,27,13,29,22,31
25,29,34,28,11,44
04,41,03,19,30,06
41,39,44,19,04,48
49,19,33,36,18,26
07,20,02,01,16,28
14,07,16,10,30,40
48,29,07,06,30,42
39,49,27,12,17,24
19,42,08,23,14,21
17,23,05,33,36,22
23,31,28,48,49,17
03,19,40,23,45,07
10,46,33,11,47,29
26,34,21,16,31,23
35,49,41,28,33,40
45,15,31,39,35,10
24,12,19,10,42,38
23,19,27,30,41,03
05,01,25,36,39,13
44,09,36,03,08,33
22,30,29,48,08,21
03,17,23,43,09,32
48,46,23,49,27,16
19,06,20,34,08,13
45,08,44,29,17,32
07,11,18,29,19,02
09,16,02,10,49,21
03,04,35,21,22,33
11,12,25,22,32,29
04,02,07,49,34,18
31,07,46,17,27,12
47,41,01,49,30,04
10,44,21,19,24,34
28,11,06,17,10,25
29,12,15,19,44,47
43,35,25,14,22,37
04,14,23,09,42,13
31,27,03,18,42,02
01,41,13,30,10,17
07,25,46,21,33,05
39,26,32,43,06,35
48,45,42,06,13,49
12,32,33,36,49,06
19,24,17,15,36,35
31,17,48,45,05,24
40,32,21,04,38,39
31,48,32,43,09,17
23,12,13,01,30,39
45,10,03,14,47,01
47,30,03,06,04,18
37,06,38,01,16,47
29,17,09,19,28,04
03,05,08,02,32,10
43,30,42,11,28,47
34,23,33,41,29,32
12,25,30,02,34,24
22,44,45,23,48,46
19,01,38,39,44,43
14,12,48,45,43,28
23,08,21,05,27,47
05,07,28,49,40,19
06,24,48,37,29,22
33,18,45,12,10,04
16,20,15,43,07,17
23,14,40,32,17,31
18,43,32,21,30,31
07,12,05,18,46,44
36,01,04,26,18,21
25,13,02,39,48,33
14,20,15,21,36,05
36,30,01,09,06,22
13,22,24,30,49,14
19,32,40,21,05,43
18,10,15,03,19,46
34,06,11,49,03,45
20,48,21,36,33,09
48,07,02,24,08,30
47,45,32,08,03,11
13,18,15,25,20,49
28,03,02,34,19,31
36,24,22,35,10,02
09,42,19,15,25,48
28,34,39,23,40,11
17,07,47,32,30,38
44,21,47,34,06,40
46,25,40,05,12,24
01,21,24,49,44,17
41,29,10,45,36,33
28,21,35,23,13,38
04,27,32,01,20,43
26,24,15,14,18,13
42,18,14,06,38,22
23,28,14,30,32,16
30,01,15,17,27,47
30,01,36,21,13,38
36,15,29,21,17,42
27,19,45,24,41,29
44,01,45,25,19,42
05,07,36,44,12,17
15,34,43,07,47,27
31,42,22,39,33,36
25,26,21,28,12,22
06,48,35,11,15,47
17,29,43,44,08,28
20,16,37,05,45,01
13,05,09,24,07,29
10,05,03,01,30,24
03,25,34,28,40,35
06,41,23,12,08,28
04,21,32,48,16,22
44,30,33,46,22,10
09,49,28,21,41,34
41,20,05,47,32,39
14,44,34,41,12,03
42,08,14,24,29,13
38,06,37,30,39,07
15,27,17,39,38,34
11,41,03,20,47,22
11,34,30,10,07,21
33,12,01,32,19,31
17,24,23,21,10,14
02,03,47,31,27,20
36,43,11,42,12,28
23,18,03,27,12,32
34,46,49,38,39,31
38,43,47,09,36,12
32,15,23,12,07,40
49,30,29,33,10,16
44,41,43,18,49,35
40,36,44,14,19,48
43,08,39,17,18,45
47,39,40,06,11,45
45,21,14,10,46,33
44,23,03,28,30,19
34,14,01,15,45,30
42,21,38,40,11,03
04,31,20,21,45,41
15,42,29,13,48,37
49,01,27,04,44,28
10,19,03,25,23,36
41,16,07,20,33,23
04,03,45,08,49,11
12,45,35,43,44,33
44,11,27,17,19,13
21,41,10,37,44,27
22,20,01,03,28,44
02,14,03,44,26,24
22,11,04,39,29,27
14,48,19,06,05,31
14,16,28,17,23,37
07,22,25,11,06,42
17,41,26,19,37,47
17,11,23,40,36,03
06,17,24,21,46,45
48,27,49,26,02,17
13,41,35,25,04,29
07,28,15,39,34,01
24,42,26,02,49,03
28,12,47,05,03,02
23,26,34,41,04,43
25,31,07,28,18,27
33,21,35,04,19,15
42,33,08,49,41,31
46,12,37,41,29,13
28,15,23,44,05,46
40,42,05,37,09,36
14,01,04,05,10,40
10,36,47,43,42,34
13,42,33,45,21,46
09,46,28,45,01,16
45,13,12,15,25,03
19,16,36,08,38,12
33,19,10,30,40,39
15,01,30,10,09,48
32,04,05,29,47,06
43,42,44,49,34,03
09,37,44,30,12,48
11,31,26,29,48,02
38,04,32,39,30,31
47,21,35,48,17,29
07,35,24,04,20,19
17,20,33,29,39,19
28,24,26,18,22,19
32,01,18,26,31,30
37,09,38,17,11,33
26,42,22,17,33,36
48,24,02,04,40,41
37,02,31,03,42,34
01,25,03,18,19,16
20,26,21,35,11,45
36,33,49,20,31,47
32,06,33,17,42,29
47,25,30,07,34,24
24,03,32,48,19,13
12,39,33,43,17,23
40,30,38,27,49,39
19,18,17,43,32,02
02,42,28,06,37,01
39,37,24,04,27,05
34,23,44,48,36,06
39,25,17,38,01,30
13,25,26,33,34,40
29,33,12,20,24,37
15,44,21,09,13,30
14,02,37,34,04,44
13,32,35,10,21,08
34,04,06,43,19,47
07,24,14,18,17,27
41,44,03,29,37,43
31,08,27,29,39,43
44,04,30,08,10,41
19,10,24,25,13,33
23,46,29,12,14,09
26,13,47,07,21,20
14,05,15,38,41,46
40,23,11,17,13,30
37,27,38,18,31,25
08,21,31,38,19,29
13,48,12,29,22,02
02,35,45,17,31,18
02,27,31,14,41,13
28,40,39,37,32,09
03,11,20,37,01,25
17,37,15,18,30,11
29,11,35,08,33,25
19,05,40,18,01,20
40,19,18,28,20,01
27,40,35,10,42,05
09,14,46,01,36,42
37,40,30,11,14,28
30,29,41,08,40,38
41,37,03,12,46,27
09,25,37,38,10,32
07,05,19,39,46,21
34,21,03,17,38,44
17,33,40,12,04,41
33,21,35,28,38,07
16,11,13,17,24,04
47,10,11,29,27,16
16,39,07,18,19,03
36,27,16,24,38,28
38,31,36,19,11,25
44,41,08,06,12,18
18,42,20,30,23,38
25,27,07,48,34,22
30,21,01,16,19,41
36,18,38,47,21,26
35,38,09,17,10,15
28,10,30,07,37,44
15,05,33,42,25,22
29,35,18,01,33,39
10,23,38,33,26,13
47,04,02,31,29,07
26,41,07,34,39,02
30,39,34,20,46,33
08,40,41,11,28,09
48,17,09,27,41,19
01,49,44,24,12,05
30,28,21,02,36,40
24,22,05,11,42,08
29,39,07,21,02,42
25,35,16,40,13,03
01,22,16,47,09,36
32,12,03,43,31,47
23,29,49,39,26,09
34,10,38,26,43,08
06,34,25,20,05,18
42,32,35,33,28,44
48,39,29,16,46,43
22,45,46,21,40,01
30,17,15,29,19,49
35,14,26,08,10,27
37,11,48,02,24,21
20,32,48,02,38,11
01,39,16,08,02,38
32,28,43,26,16,27
28,16,01,24,12,42
22,23,05,15,31,03
48,04,36,46,18,03
18,03,15,35,29,45
31,46,41,20,23,32
06,24,38,18,17,01
04,21,20,16,25,18
29,07,03,25,46,10
42,09,06,46,03,23
30,07,48,33,06,01
30,40,06,16,20,01
34,47,41,02,19,17
31,37,26,44,43,14
31,37,26,44,43,14
01,04,33,27,05,24
22,27,48,17,36,34
30,48,31,24,18,37
13,42,16,47,19,18
29,05,33,37,26,35
01,39,45,04,47,44
46,40,45,28,02,14
16,32,47,27,09,05
29,16,24,44,48,09
35,16,47,02,03,10
46,30,26,11,34,35
33,09,12,34,10,08
03,07,22,33,24,36
32,23,37,04,05,15
18,09,03,04,30,44
35,01,28,37,23,14
44,01,21,38,09,16
09,46,39,40,22,29
41,01,26,33,46,30
45,21,25,47,30,31
39,11,25,14,10,29
27,18,42,15,34,46
08,36,37,41,39,23
31,10,23,24,04,17
21,15,34,04,35,44
38,33,06,01,41,47
45,12,10,30,49,37
28,21,24,29,17,30
41,33,15,45,34,02
05,30,42,36,02,23
08,39,25,35,05,49
31,34,09,39,49,38
29,16,38,32,11,13
47,07,32,13,40,23
32,12,34,49,29,19
13,39,07,46,04,02
09,06,43,04,28,40
34,24,45,09,29,08
18,11,23,24,38,26
20,07,44,03,05,17
18,23,43,26,21,29
41,11,40,07,01,20
27,33,23,02,14,48
06,02,01,16,31,11
32,19,21,09,02,13
01,30,03,21,09,29
28,13,16,48,24,01
26,21,07,42,33,22
13,11,18,44,32,14
04,44,41,05,11,14
45,02,21,24,08,18
47,37,10,39,32,07
02,43,15,07,06,14
08,44,07,26,03,45
46,28,49,25,36,16
39,15,37,03,35,28
26,27,23,03,06,49
35,20,48,05,41,36
05,42,09,19,02,33
48,23,15,31,20,43
31,30,37,08,27,22
06,12,18,20,32,41
48,29,47,35,49,28
08,07,38,42,46,26
18,19,24,32,15,46
49,02,48,08,36,33
20,09,44,46,28,40
24,03,49,08,28,05
24,07,20,27,35,09
10,27,15,34,07,20
23,19,16,38,09,08
37,45,25,14,44,26
11,32,04,29,22,02
33,24,49,11,29,01
30,31,10,13,11,14
16,40,37,23,20,26
10,44,33,28,42,04
26,43,42,05,29,41
16,47,14,44,35,21
35,42,33,05,20,22
07,15,01,38,26,41
15,39,19,03,46,26
33,16,28,13,38,49
10,31,37,08,47,21
47,42,29,17,11,32
22,09,30,48,01,14
36,05,26,44,42,46
48,12,29,37,47,34
21,04,10,31,47,49
47,16,12,07,24,22
36,03,27,17,33,05
29,47,36,39,35,30
15,01,09,44,46,41
13,28,07,31,34,24
43,10,14,17,32,44
49,11,09,17,27,14
02,38,12,45,43,28
22,08,12,39,18,07
32,28,23,15,13,05
45,47,32,04,39,42
06,17,09,36,16,13
20,04,12,38,13,23
03,21,48,29,37,08
49,46,25,42,39,37
31,48,28,24,46,19
34,32,08,23,33,10
25,13,14,02,04,09
34,13,42,06,24,26
03,12,34,39,19,36
43,27,44,21,22,03
47,06,36,09,07,39
23,35,36,13,42,05
07,02,33,31,21,27
23,11,21,45,42,31
26,22,15,40,28,13
30,06,41,23,33,40
22,31,36,25,14,03
25,32,41,21,35,33
12,05,30,10,28,27
04,29,01,28,48,02
37,29,01,41,30,47
44,23,42,41,14,25
03,17,26,09,18,19
29,03,34,16,12,46
46,27,10,18,09,19
05,02,26,44,27,21
39,41,13,14,30,37
26,19,14,31,18,02
25,24,37,16,13,30
21,06,03,49,01,45
35,22,04,38,46,34
22,15,37,02,19,33
31,42,32,35,08,30
47,13,12,48,15,03
41,34,46,30,42,06
18,45,43,07,01,36
03,30,26,43,33,28
04,30,06,33,31,14
27,13,17,43,04,24
29,23,06,48,34,12
38,37,16,12,40,30
05,20,02,06,08,16
31,34,27,32,29,11
16,43,45,15,04,47
10,37,09,04,20,49
36,22,40,23,38,03
37,32,47,29,02,14
29,08,37,40,06,23
10,20,32,40,08,11
46,19,34,41,13,16
23,26,40,14,41,29
44,27,12,43,25,37
47,25,09,23,11,14
25,36,10,43,16,21
07,38,31,02,32,35
05,39,21,10,48,04
14,31,06,23,04,09
43,30,12,18,08,37
33,40,39,18,15,32
23,30,33,38,21,02
02,10,12,13,47,06
39,28,18,34,36,32
33,34,21,25,28,45
12,22,25,26,11,04
42,25,37,12,35,46
47,34,33,22,32,41
17,49,28,45,13,07
26,24,07,12,01,09
07,27,40,17,31,35
45,04,22,46,43,05
14,39,18,06,27,11
48,40,24,41,26,28
10,25,35,09,46,27
09,24,26,19,39,46
43,42,14,41,26,45
13,04,17,11,43,29
17,43,41,20,46,32
49,20,14,33,31,47
17,35,22,05,42,24
23,26,20,27,10,15
33,14,43,20,11,19
22,30,46,47,18,48
45,23,40,08,26,47
37,22,43,09,29,38
37,17,41,38,20,28
43,33,05,12,35,03
08,02,45,18,41,44
20,26,46,29,21,39
22,14,34,26,23,05
43,47,02,12,48,34
27,33,20,15,25,21
43,35,30,10,09,46
10,36,20,44,03,31
43,08,48,18,49,47
43,08,48,18,49,47
15,38,37,25,07,43
43,32,39,31,34,13
26,09,33,42,36,24
18,12,08,27,44,03
01,19,30,42,16,26
10,36,09,06,40,07
18,02,32,17,48,14
01,26,10,17,32,15
05,03,10,17,43,49
45,19,24,20,44,26
21,41,19,01,08,38
16,46,38,12,15,35
23,30,38,21,47,44
04,16,05,12,13,42
01,27,33,25,26,08
08,22,48,13,16,38
30,13,49,45,37,46
45,27,01,20,39,16
09,33,47,27,48,13
19,15,48,46,40,36
01,07,29,16,17,12
08,26,48,22,27,19
33,40,05,46,13,38
12,03,21,29,31,43
28,45,36,02,16,14
05,20,04,44,16,18
09,16,47,43,17,10
04,35,12,48,18,49
11,34,03,22,16,04
18,11,22,14,43,30
31,39,35,03,05,25
19,27,33,13,45,44
37,02,34,01,24,23
24,31,43,28,30,42
26,16,22,08,06,27
22,39,27,14,40,20
38,49,09,02,35,31
03,47,07,41,13,28
02,05,04,31,01,46
46,47,07,21,03,36
16,18,31,23,39,29
04,06,46,38,12,33
36,40,26,03,23,10
36,14,39,24,31,12
47,38,08,34,30,06
41,12,39,44,26,16
09,23,19,44,24,14
36,29,35,16,03,17
12,15,40,48,32,17
44,46,18,47,08,49
15,32,05,29,37,38
39,44,45,10,07,43
13,38,08,29,33,34
24,36,29,04,43,34
43,14,11,19,01,39
36,08,49,47,39,24
03,16,46,40,27,42
09,35,39,41,36,40
40,22,37,01,34,08
13,24,12,47,20,09
30,22,17,41,13,12
11,44,15,17,07,38
28,49,21,41,34,33
40,32,23,25,04,01
21,28,17,08,32,49
13,44,03,11,09,33
09,04,06,17,12,02
34,39,35,42,37,26
30,49,12,14,32,22
34,10,35,20,49,27
31,10,37,25,35,18
17,49,09,46,43,26
49,48,17,02,47,37
24,25,12,19,22,28
01,02,26,24,30,38
18,23,03,26,11,35
16,18,47,08,07,17
41,46,38,06,15,21
36,07,48,27,20,26
32,02,38,30,29,41
27,15,17,13,29,28
07,31,46,02,06,03
35,04,29,38,31,30
24,48,36,34,01,27
18,45,29,39,42,27
18,24,04,26,47,36
44,05,17,48,13,43
43,35,49,17,30,15
07,47,28,37,18,23
25,10,13,15,24,11
19,42,48,43,39,23
33,22,09,44,08,27
22,32,02,38,25,33
17,44,21,49,35,20
45,34,13,40,44,38
33,19,41,46,36,12
22,21,48,47,06,09
16,32,35,12,02,06
46,07,40,42,48,10
07,23,17,37,05,46
41,31,20,19,46,26
23,16,27,22,07,19
08,17,35,28,09,34
16,40,23,18,10,09
24,32,20,49,41,45
36,07,14,21,20,42
37,12,36,20,26,44
23,37,09,11,17,34
15,46,25,39,12,45
21,23,30,07,18,43
10,39,36,14,33,30
36,09,25,42,08,16
12,09,38,17,02,28
42,32,23,13,15,12
11,34,10,31,42,05
29,44,35,39,46,34
34,08,44,42,06,39
43,03,17,14,36,08
06,45,49,31,18,26
26,06,05,02,39,23
23,03,02,43,30,07
13,05,46,14,03,04
28,45,09,12,21,19
44,29,17,34,02,12
15,32,09,13,01,31
08,32,20,38,13,18
35,39,21,33,01,26
03,20,49,45,43,06
08,43,21,48,34,02
45,18,38,49,21,28
06,28,33,01,27,08
15,18,16,25,13,39
28,04,19,32,34,03
47,45,24,01,18,13
10,13,19,14,34,31
37,49,35,17,46,11
10,29,07,37,41,30
41,42,18,31,17,10
18,48,36,21,37,29
09,42,16,47,13,05
24,20,26,12,11,38
32,26,47,38,48,04
39,16,45,14,21,08
24,46,41,45,37,38
45,36,28,35,11,41
12,11,14,03,44,27
31,33,37,48,23,35
11,40,41,25,33,43
15,19,02,33,47,08
11,07,36,34,41,32
20,02,41,17,22,04
40,03,16,01,35,15
46,19,08,14,43,23
24,48,37,16,01,42
20,39,44,31,48,02
26,22,36,41,06,19
33,49,44,19,35,39
09,03,19,13,20,29
06,43,21,16,40,45
37,18,07,34,03,39
41,38,47,08,14,02
24,04,43,25,21,44
46,14,29,40,23,32
37,34,14,45,30,31
49,07,41,10,15,25
12,41,30,39,19,33
48,13,15,19,14,37
09,13,15,07,40,43
04,29,03,33,37,36
08,29,06,38,43,26
03,28,23,39,48,34
11,17,36,13,37,44
05,42,40,03,25,35
04,39,29,05,49,43
14,20,16,04,42,29
24,33,12,17,49,40
47,37,25,01,03,23
18,29,03,31,08,20
03,24,07,41,11,16
34,13,22,26,27,38
01,30,18,27,02,06
38,29,31,48,13,49
33,37,04,19,02,16
11,24,22,31,34,45
29,26,48,24,10,22
30,34,44,04,42,15
28,49,10,05,39,12
19,32,49,36,07,34
37,17,07,19,47,41
21,40,23,08,47,04
01,32,19,36,22,46
04,42,08,10,29,22
19,24,03,18,33,49
17,19,31,13,47,34
14,24,38,37,16,02
22,13,18,06,47,32
44,45,41,22,39,38
34,39,10,43,05,11
46,19,44,22,31,13
30,09,38,04,47,44
12,32,21,35,18,40
32,44,06,31,28,29
03,15,40,43,24,30
24,41,49,32,30,12
42,23,07,37,39,45
39,43,16,42,48,15
47,46,35,25,15,04
01,19,04,48,02,40
42,37,09,01,11,08
17,32,34,01,13,41
22,49,17,29,02,28
20,30,35,28,18,21
30,46,31,45,10,08
13,42,23,44,06,11
30,37,32,07,26,38
07,34,29,47,12,04
37,04,20,39,23,15
09,27,47,07,32,46
45,01,13,43,16,20
12,29,35,34,13,08
17,15,07,09,13,03
30,16,42,05,31,21
46,11,19,31,21,17
30,47,25,43,33,32
15,32,21,45,11,22
02,47,21,10,26,38
39,36,30,40,01,47
48,19,10,17,47,49
36,11,43,44,38,21
48,04,21,44,35,34
49,23,06,30,07,09
35,46,07,10,41,40
49,20,22,38,19,30
48,10,12,28,34,05
08,30,07,47,04,40
05,14,39,22,13,42
33,14,47,13,38,35
20,01,26,19,13,48
38,12,49,05,37,20
48,45,13,47,46,11
20,43,28,19,29,49
18,46,20,48,27,05
19,23,33,46,07,29
04,22,28,25,33,49
02,43,46,37,07,40
23,16,39,02,47,46
03,15,48,07,43,29
25,22,46,28,36,31
14,22,27,40,45,41
31,13,24,33,09,26
44,35,43,11,18,14
17,15,37,45,13,31
18,29,21,48,10,08
15,09,37,31,45,03
19,03,45,22,42,32
40,06,45,32,04,49
29,07,20,35,42,39
25,41,46,47,13,05
04,48,49,31,43,28
21,45,06,43,40,32
33,44,45,12,17,41
43,23,44,34,24,07
23,33,29,12,44,13
41,20,38,46,03,47
07,03,26,02,47,34
42,46,09,04,24,16
08,45,30,15,27,44
43,09,45,25,05,19
37,01,20,32,15,36
43,02,04,46,30,07
37,42,38,05,19,15
35,44,26,01,05,30
42,12,25,05,19,18
18,02,22,41,23,14
43,33,25,09,11,44
09,34,49,39,05,45
17,41,36,38,28,23
45,01,28,33,19,12
04,46,45,33,29,47
35,20,03,32,45,31
12,05,01,30,09,14
07,29,13,04,10,03
07,35,04,30,12,14
37,24,20,40,38,10
33,40,03,44,48,42
11,48,20,33,22,08
02,09,37,43,13,38
30,47,10,31,49,26
32,29,10,45,17,30
03,12,24,17,44,43
06,15,20,38,43,07
42,01,22,44,15,03
36,23,31,09,12,29
30,33,46,26,42,38
26,03,46,34,15,20
02,33,38,17,28,41
25,24,17,23,03,31
04,38,21,24,23,20
33,42,21,38,19,24
34,19,14,25,18,10
06,02,46,38,45,39
47,42,29,28,09,32
37,20,41,05,46,35
47,43,35,20,29,13
03,14,26,13,17,39
25,39,02,33,26,22
47,35,02,13,38,17
02,20,33,32,13,48
26,31,41,14,05,10
13,08,38,44,31,11
26,32,16,28,07,02
34,27,13,38,26,14
30,31,13,42,02,33
43,45,32,16,26,19
37,30,33,35,05,02
38,16,27,04,41,24
10,39,22,20,41,42
11,41,19,47,31,30
23,20,07,35,27,37
16,39,32,07,01,27
12,49,16,45,25,03
16,24,19,35,47,15
13,16,18,15,37,29
39,11,13,36,32,08
30,35,17,26,06,24
15,27,24,31,19,30
26,22,34,44,03,29
12,27,35,09,31,42
41,29,33,31,16,26
24,03,14,19,39,33
21,18,24,22,35,16
21,49,28,29,47,30
15,07,31,23,03,45
02,07,29,06,45,15
30,16,33,12,29,25
16,22,14,23,08,02
08,12,23,29,24,44
30,06,48,14,49,37
06,19,07,40,43,25
15,06,41,22,49,44
07,33,42,16,32,05
34,04,17,28,11,30
03,47,13,12,07,01
24,39,41,29,22,20
37,45,47,12,22,08
29,35,24,20,02,43
26,33,14,48,06,42
32,42,01,04,10,02
42,31,22,34,25,03
47,44,38,37,11,13
45,31,46,26,07,19
20,39,07,40,13,41
09,26,10,47,35,25
29,44,23,17,19,35
10,37,07,46,43,41
11,43,37,38,28,45
45,12,07,29,30,38
40,08,49,46,42,30
22,20,23,43,15,05
19,10,08,24,20,13
19,28,09,49,48,25
23,02,05,40,26,33
36,11,06,46,16,17
20,49,43,46,44,08
19,03,48,31,10,43
17,04,18,20,32,15
02,40,03,36,49,14
13,20,06,37,40,39
29,44,08,24,49,18
05,42,26,21,45,31
34,30,20,05,23,13
34,19,46,01,39,08
02,37,27,03,36,39
42,44,09,07,16,49
05,27,15,28,18,38
07,47,14,49,26,23
18,36,13,28,19,04
08,25,45,19,06,49
28,16,18,29,14,09
48,08,30,33,31,29
16,27,29,47,33,04
41,15,19,46,16,17
03,16,10,01,21,26
14,17,18,22,29,19
29,06,33,32,15,23
08,30,49,32,48,37
42,02,44,24,14,16
47,11,36,29,21,38
47,37,09,31,17,44
42,19,03,43,23,17
17,01,13,44,21,48
42,34,41,15,47,40
40,18,07,06,24,27
10,13,06,09,39,04
10,18,46,41,29,36
28,38,25,16,04,47
05,15,04,49,30,27
16,18,17,44,37,45
19,37,31,49,41,47
10,12,33,24,22,07
34,49,01,39,43,46
45,14,15,30,23,35
29,34,47,27,46,15
15,40,08,17,41,29
34,09,29,04,28,21
18,03,13,35,30,27
17,13,46,41,10,19
35,46,40,13,03,14
03,33,11,13,26,17
04,28,41,43,27,11
32,44,13,34,20,47
12,36,01,18,03,42
48,24,01,28,39,07
01,32,47,45,38,22
14,44,21,37,08,39
49,29,26,41,07,08
10,49,14,04,39,06
07,18,34,31,14,40
16,11,07,36,34,40
34,46,18,02,05,22
28,03,19,41,02,13
27,07,46,43,05,49
34,46,43,28,29,35
41,33,31,24,37,49
07,30,33,23,12,10
08,43,19,21,48,39
23,42,43,30,18,17
13,34,32,47,46,21
20,35,24,09,19,28
31,02,27,41,17,12
40,22,45,14,08,13
41,49,27,28,24,03
19,09,26,30,41,37
04,22,30,43,42,25
29,39,32,21,11,03
05,29,39,43,27,04
19,30,01,42,39,45
18,15,06,04,41,17
14,20,36,19,09,39
31,36,20,02,41,23
43,42,45,33,25,46
03,09,10,44,01,32
20,44,28,04,16,48
11,13,20,44,01,18
28,49,44,42,09,12
07,38,43,03,49,35
13,02,35,19,45,17
12,38,44,18,05,24
32,25,15,19,21,09
18,26,19,45,41,32
32,24,38,03,05,15
06,35,10,18,47,45
39,46,19,36,09,49
20,30,06,46,25,39
21,39,15,45,26,03
43,27,47,23,42,22
16,41,26,27,44,21
23,36,01,06,09,42
21,08,12,14,36,03
41,43,05,16,31,45
44,15,38,19,41,48
20,35,08,22,32,14
04,45,13,41,37,40
20,32,29,31,01,22
24,04,03,14,17,28
49,45,24,18,02,13
31,42,14,28,37,44
34,43,39,27,37,03
27,42,19,43,11,05
41,06,20,48,12,08
33,25,19,24,38,35
49,07,32,26,40,48
14,26,21,37,15,49
10,23,03,14,44,08
21,29,25,14,27,26
02,32,14,23,46,40
23,45,24,07,26,12
40,12,37,24,27,18
16,22,13,28,09,27
30,31,29,43,33,09
36,40,30,13,49,44
18,13,08,17,05,11
02,39,48,35,05,46
31,11,47,24,21,23
32,44,36,39,38,20
45,32,07,42,36,05
04,33,34,25,10,43
45,20,39,12,11,29
28,22,04,09,26,19
08,41,14,36,28,09
21,10,13,31,07,18
45,44,41,12,16,02
46,33,45,23,31,01
41,12,13,48,19,01
40,35,20,34,24,33
19,48,15,11,07,24
12,35,16,07,45,42
31,24,03,19,45,09
22,44,20,08,04,05
36,09,03,48,25,12
05,20,26,40,10,36
33,38,16,31,07,02
22,31,04,37,20,30
29,47,44,19,40,32
02,31,39,16,09,12
30,02,21,44,05,32
41,40,16,34,20,28
28,26,22,37,43,34
12,11,16,49,28,33
29,28,02,47,42,43
39,13,30,14,35,06
11,02,08,39,16,17
10,46,23,01,48,38
46,13,45,35,26,02
48,37,05,21,24,28
20,30,21,33,48,13
46,02,23,24,03,36
40,34,32,26,21,12
15,03,48,49,41,31
27,42,37,33,09,13
26,06,24,08,37,25
25,38,02,03,41,07
11,31,20,39,18,16
42,21,07,41,08,04
41,36,25,47,23,33
14,30,06,19,38,40
28,07,35,05,31,16
13,10,02,40,29,38
32,01,33,27,05,21
37,11,23,35,36,06
41,46,43,24,37,12
24,30,48,39,13,05
45,21,14,28,18,41
20,46,26,41,17,43
36,25,35,37,39,47
28,26,41,38,44,09
36,39,43,44,49,34
40,36,20,01,35,08
02,07,06,18,03,35
36,34,22,01,33,37
28,16,41,45,30,18
39,42,23,49,25,31
17,32,34,06,42,20
39,07,08,40,35,30
24,02,10,09,25,05
27,04,06,34,13,01
33,43,06,16,29,48
28,47,14,41,40,12
31,02,20,48,47,28
47,48,03,33,12,41
16,41,29,04,43,19
02,05,18,13,45,14
06,46,37,04,18,03
02,35,32,12,07,36
03,15,43,19,11,23
35,13,42,14,24,16
46,17,12,28,01,19
41,25,24,03,34,29
27,19,23,06,38,10
21,43,47,17,45,19
37,11,28,41,35,12
37,22,30,01,26,27
23,20,22,41,39,19
07,14,16,08,46,06
35,32,19,14,12,43
27,19,08,21,46,24
19,33,26,18,17,39
11,38,21,22,28,36
40,12,36,15,08,13
25,08,05,27,18,16
05,32,25,46,06,14
19,15,17,25,20,47
27,42,48,46,45,44
23,13,30,28,09,36
38,03,16,23,48,26
07,03,25,13,44,08
04,46,25,11,03,07
08,07,13,23,30,29
29,08,04,37,14,02
27,13,12,29,44,34
28,42,45,17,08,14
47,42,29,31,48,08
01,33,34,11,39,22
47,34,06,30,15,21
47,11,06,28,37,01
29,43,37,10,25,26
43,38,39,06,11,49
49,47,16,41,20,15
10,34,06,30,44,24
35,44,21,16,27,34
34,36,28,22,48,19
04,22,44,34,30,33
17,27,21,30,15,12
36,15,47,10,01,41
24,08,15,45,43,46
25,16,31,27,46,35
16,49,14,17,22,06
23,32,45,05,18,43
38,11,16,31,21,07
02,32,17,06,10,04
45,21,49,10,26,05
32,22,08,29,15,05
24,02,44,45,28,11
40,41,08,26,45,10
34,37,41,48,46,33
45,03,18,25,23,36
07,40,03,27,35,46
25,41,08,16,14,38
31,06,07,25,27,46
19,42,12,08,22,04
45,44,08,23,21,02
26,06,28,41,46,25
14,13,16,42,21,07
27,30,45,10,05,23
22,48,20,36,10,08
28,11,16,36,04,13
41,01,32,26,38,49
41,02,38,37,22,44
42,28,39,29,26,10
31,04,36,27,02,39
25,14,26,40,04,22
22,18,42,21,31,38
12,07,37,28,23,48
10,45,03,19,04,13
33,26,37,24,36,45
06,10,38,47,08,44
47,48,01,16,11,41
37,31,06,26,29,14
04,25,20,14,12,05
47,29,45,48,26,46
01,07,32,17,34,38
37,32,43,20,34,44
49,19,28,40,43,09
30,22,47,23,18,12
27,18,13,07,16,49
03,16,07,35,42,38
06,32,03,21,10,07
09,14,48,17,44,26
35,24,16,26,44,28
48,43,36,10,26,44
09,34,32,01,42,30
34,45,48,31,30,44
42,43,37,09,45,36
10,30,13,19,32,26
17,32,07,25,45,21
24,49,06,21,04,33
12,10,41,16,04,27
44,03,29,45,34,16
14,21,39,34,01,18
08,05,36,24,29,39
23,30,19,18,41,21
35,19,13,39,23,24
48,33,27,18,05,36
09,11,30,12,24,26
32,26,12,22,30,36
15,28,26,06,27,25
14,24,10,05,15,11
35,32,20,37,05,19
05,15,23,02,03,04
10,26,24,36,01,48
42,44,23,03,31,26
41,23,26,33,10,20
10,34,07,15,05,31
08,10,15,25,21,02
39,15,02,12,07,18
12,42,17,49,16,36
14,39,04,34,11,09
28,03,27,34,30,20
02,37,24,21,36,40
27,48,40,03,25,15
17,45,15,49,26,40
09,31,40,34,42,43
14,17,05,02,43,16
20,06,42,13,47,28
22,44,13,30,26,46
19,23,06,17,12,37
02,44,13,29,08,41
23,37,48,44,39,25
32,14,13,07,15,26
42,46,32,19,44,16
38,34,03,01,10,41
23,09,25,32,22,24
33,09,22,37,44,25
21,20,32,04,43,13
31,16,45,10,47,32
31,16,32,19,45,26
46,04,19,25,33,02
15,09,33,18,22,06
22,42,18,28,08,17
39,30,18,29,44,42
25,04,46,44,28,36
10,27,28,02,14,06
49,29,07,26,43,48
23,47,11,35,38,20
27,35,24,31,09,34
16,43,21,35,14,37
45,10,36,43,13,19
11,35,40,01,18,08
44,48,09,33,01,34
27,09,34,05,16,42