43,07,23,32,02,48
33,55,30,13,31,10
50,20,31,01,40,14
24,21,26,05,47,33
17,35,23,38,44,26
48,19,29,20,21,49
42,06,36,04,28,33
53,47,01,18,39,24
06,41,40,08,13,27
28,12,54,03,09,01
24,13,51,29,35,02
18,12,32,09,23,50
06,25,17,09,14,12
41,12,27,54,29,49
04,18,21,51,08,17
55,53,42,32,04,26
30,11,49,18,25,47
35,13,54,27,33,36
16,41,34,13,30,54
38,39,42,36,15,33
55,12,33,02,18,03
42,05,01,52,39,43
48,09,32,50,38,07
24,17,08,28,30,18
15,44,35,14,05,45
38,51,36,20,48,47
38,51,08,22,13,29
08,11,50,38,54,40
42,36,06,55,41,51
30,07,21,41,03,42
05,43,20,12,44,47
14,10,09,12,28,23
13,29,30,27,36,06
49,38,28,26,45,23
48,35,31,33,16,36
14,40,20,32,27,10
46,55,25,30,51,15
46,51,32,26,53,09
11,29,22,01,39,40
53,17,50,09,51,48
32,02,01,52,17,27
07,23,02,55,39,19
15,29,24,51,55,43
42,07,55,35,44,52
46,45,18,50,51,38
50,39,36,23,05,22
19,10,15,39,44,25
32,35,25,26,44,17
04,30,44,37,53,42
12,10,14,01,28,47
41,48,39,09,50,14
35,12,21,01,16,03
14,20,16,05,22,24
47,19,02,01,17,04
52,33,04,02,07,11
05,14,19,18,43,47
08,04,15,49,40,10
10,26,49,34,52,33
11,07,51,17,53,05
11,08,53,45,04,32
12,17,20,15,05,02
33,12,37,36,32,38
28,16,06,44,04,39
43,46,17,30,35,06
14,07,15,25,43,01
51,02,29,15,19,39
28,49,25,24,18,39
11,17,38,45,20,35
42,13,33,34,51,02
29,15,20,44,47,11
07,06,40,47,29,52
52,42,48,13,37,09
19,40,13,30,09,26
27,42,10,54,31,16
05,16,53,01,33,04
28,50,42,53,07,30
05,10,20,39,12,36
08,25,05,04,50,45
44,14,09,26,48,33
14,23,06,20,39,54
28,43,31,13,18,02
17,15,53,30,14,02
35,38,21,23,24,12
33,32,51,17,13,03
05,27,21,45,02,47
10,07,16,22,44,37
37,34,19,08,26,25
15,42,11,31,30,28
23,44,28,12,04,13
13,35,24,09,06,53
15,09,47,20,02,40
44,02,43,52,31,51
17,31,38,27,47,36
16,18,28,13,55,47
41,25,08,11,29,34
01,51,06,31,10,48
25,04,48,28,20,23
55,16,02,11,50,32
46,32,20,04,26,51
55,37,08,15,27,47
45,20,13,26,02,43
47,16,42,22,43,50
11,14,37,44,20,38
43,12,35,48,07,28
33,23,12,41,35,01
06,17,05,54,45,29
24,36,29,49,22,53
47,19,55,23,38,06
27,03,44,33,39,19
16,31,41,19,09,08
24,53,33,17,51,22
47,31,43,39,23,26
42,19,45,03,41,49
49,16,27,24,28,35
08,16,37,29,31,22
18,17,46,47,14,54
35,22,11,42,20,03
34,09,27,44,20,12
25,40,54,21,51,15
48,49,18,52,33,14
53,33,11,21,49,41
17,23,19,10,03,46
05,03,52,34,13,53
44,36,07,12,11,15
15,46,22,28,36,44
34,15,47,13,04,53
38,31,51,33,49,47
30,47,32,20,05,21
33,14,46,05,38,23
19,07,44,04,12,27
12,20,45,04,55,29
07,16,02,23,36,30
47,30,21,15,22,43
44,52,33,40,03,05
03,13,52,43,38,54
39,43,45,30,14,12
36,07,47,20,52,18
54,13,41,31,18,21
05,44,37,11,34,19
15,03,46,22,05,19
06,34,19,20,38,07
26,03,33,48,34,10
27,16,10,33,46,55
41,32,02,48,31,35
38,01,13,52,35,45
36,30,18,37,28,31
54,08,29,47,55,27
10,21,18,04,47,03
07,27,17,11,32,49
48,38,04,33,12,21
54,45,05,47,18,55
27,08,44,49,14,40
35,23,15,55,28,41
12,53,43,40,52,17
51,35,50,30,17,02
33,31,29,26,14,54
18,29,35,16,05,47
05,42,38,37,03,46
34,20,40,04,18,42
47,14,03,49,48,30
50,47,35,08,38,44
27,36,28,19,54,23
11,49,24,01,43,50
45,27,37,43,06,39
52,17,20,43,15,19
18,47,39,22,10,23
26,06,46,36,11,15
51,38,40,32,36,10
16,22,04,52,49,51
52,45,32,36,34,31
05,25,10,49,39,01
49,50,39,23,21,19
21,30,34,08,38,52
33,35,26,55,20,25
40,36,38,13,07,34
40,23,13,38,27,25
09,18,13,52,50,11
54,06,15,22,46,09
42,04,27,12,14,19
51,16,33,34,41,12
45,52,47,38,03,17
23,16,24,50,53,38
05,01,16,06,03,07
35,55,51,46,11,28
32,48,42,01,25,55
45,16,52,06,43,11
17,21,05,09,42,27
16,42,20,01,24,43
08,17,23,40,52,06
02,06,38,36,30,07
47,38,22,25,28,15
19,45,34,24,11,04
16,32,44,38,13,10
13,23,53,49,12,34
51,27,39,52,02,03
38,40,44,30,15,25
52,53,37,21,36,45
40,30,29,09,41,03
02,01,09,10,37,54
27,41,26,21,18,09
41,49,16,13,33,30
35,27,49,33,23,18
34,42,08,15,23,20
12,01,09,02,06,05
43,30,26,55,32,02
04,49,51,43,15,29
34,21,53,29,20,12
27,30,29,49,47,01
44,02,23,18,04,22
15,28,40,39,21,29
44,52,07,06,11,42
23,35,21,36,11,08
50,07,18,51,12,38
25,35,29,01,44,02
25,43,04,40,55,51
17,27,08,44,52,55
34,33,38,52,07,37
47,19,32,23,20,55
44,16,19,49,05,32
08,01,27,15,46,33
16,38,41,32,13,28
10,31,40,12,37,35
29,40,28,38,55,37
06,52,34,35,23,08
54,07,41,32,39,06
35,02,01,51,24,47
22,12,54,05,08,19
36,13,54,48,27,20
42,25,31,16,44,09
52,38,20,05,06,21
15,54,44,35,49,06
14,43,09,02,29,49
19,26,54,27,09,25
12,34,25,47,36,35
18,50,10,33,34,54
38,40,25,52,26,03
38,36,53,40,08,48
48,16,53,13,14,18
28,23,36,49,43,19
10,52,44,26,24,13
02,11,04,43,55,33
44,26,29,32,38,13
26,48,47,08,34,20
55,18,42,38,11,12
51,25,11,37,18,38
03,44,02,16,46,33
02,28,06,27,15,20
47,03,01,19,28,52
18,11,20,44,55,33
20,01,06,15,11,07
25,49,54,39,20,15
24,09,03,27,46,41
48,50,05,55,25,22
03,44,25,07,55,52
40,06,17,34,30,43
30,02,08,33,41,06
31,54,45,08,49,37
20,47,17,48,40,10
17,10,06,03,11,27
31,16,17,45,50,11
22,49,06,25,54,53
18,55,38,37,16,14
22,33,42,11,36,27
22,24,34,51,55,37
03,33,41,18,07,20
13,02,23,55,10,49
34,37,17,39,04,13
09,19,46,27,43,48
07,04,14,26,52,29
14,55,51,36,16,03
51,16,41,48,01,34
22,55,35,33,37,15
22,11,35,05,25,42
54,19,03,24,17,39
34,07,18,15,41,47
07,16,40,31,05,22
30,24,37,54,15,14
46,28,44,52,06,04
18,33,28,21,23,22
51,03,02,42,41,11
25,11,28,06,38,55
23,18,13,20,54,12
15,29,24,42,52,34
19,16,23,09,06,11
11,24,22,20,48,36
33,06,21,04,43,18
38,06,23,17,46,36
17,26,45,28,43,19
25,30,54,53,40,34
11,19,35,41,10,05
20,01,36,52,03,29
29,09,25,37,21,20
17,52,50,09,33,46
15,50,42,35,05,17
17,44,01,03,49,41
50,05,22,15,01,39
52,17,20,27,46,54
45,53,32,41,27,11
37,35,45,11,24,22
33,22,08,42,01,10
48,54,12,18,52,10
37,33,51,28,55,07
20,09,22,08,33,13
24,12,07,23,43,50
47,45,26,09,50,03
38,44,22,02,48,31
51,29,20,14,12,07
03,13,11,25,04,18
25,21,26,41,29,09
26,23,03,34,48,05
29,16,05,25,12,30
42,51,03,49,47,21
32,44,51,36,07,39
27,51,47,09,12,01
21,37,54,15,49,11
48,20,31,41,01,40
25,30,22,05,40,41
23,10,52,51,03,09
39,05,21,54,18,13
27,28,48,34,55,43
11,49,12,20,45,02
55,52,17,37,26,45
09,52,45,21,13,05
01,13,46,39,45,30
19,30,54,36,28,14
53,05,29,44,10,07
05,32,28,11,35,31
10,05,42,49,23,06
54,25,19,47,09,50
55,05,44,42,18,24
16,34,19,24,02,18
04,43,36,23,02,38
04,44,33,16,22,53
29,35,03,02,34,08
47,27,07,05,38,28
47,07,39,54,05,28
18,07,33,03,09,14
35,10,23,28,24,06
38,12,41,11,15,52
15,18,10,52,09,28
12,23,28,55,14,13
03,30,07,36,10,32
26,15,07,31,49,05
38,16,52,54,46,42
20,05,33,16,41,08
44,50,21,47,12,13
42,48,30,03,12,20
05,08,35,52,03,14
37,01,41,23,17,44
11,05,31,33,43,51
25,32,28,09,36,44
23,34,14,04,28,35
45,21,18,53,12,37
33,36,46,04,47,13
03,02,24,27,21,10
26,35,54,48,34,33
48,54,49,20,32,22
13,42,43,44,15,35
01,51,34,21,30,18
46,03,04,22,38,28
36,30,17,07,43,50
54,21,44,36,11,38
40,53,24,21,52,01
31,42,23,34,27,30
30,26,39,03,47,10
07,33,03,08,32,25
39,38,10,34,46,12
12,55,10,05,43,19
30,27,18,43,26,11
20,49,50,39,24,47
31,40,28,44,05,41
05,23,07,46,28,42
14,39,09,53,15,55
41,42,35,37,16,49
44,46,10,21,41,27
02,26,19,17,01,23
41,10,38,47,26,19
11,19,48,06,23,20
29,20,42,41,48,55
20,15,25,33,30,09
48,41,39,08,09,27
02,27,19,18,34,12
29,48,52,19,55,05
24,50,06,40,22,44
20,14,48,03,12,40
09,18,10,02,12,24
15,45,22,03,35,17
16,07,21,28,49,14
09,24,46,27,38,22
45,13,34,20,31,04
09,24,54,18,05,30
14,44,37,19,09,43
33,10,25,30,53,34
04,35,48,45,23,31
22,21,37,24,19,03
02,48,42,17,41,29
16,45,48,20,35,24
27,19,50,13,51,41
40,15,22,03,13,55
30,09,52,54,50,29
47,16,24,06,35,25
15,11,12,27,08,43
18,30,35,38,10,41
38,49,05,40,10,47
31,01,52,06,36,34
14,54,07,09,51,10
29,54,35,14,19,27
44,54,08,20,28,30
01,26,47,42,19,17
24,55,45,46,02,13
53,49,34,18,27,16
37,49,28,12,32,10
16,28,29,20,30,26
37,55,48,54,31,15
27,26,47,02,29,05
22,46,29,49,05,23
54,05,48,37,33,16
03,36,52,20,26,33
37,32,39,43,55,38
19,32,29,39,02,17
41,35,24,39,42,26
24,49,50,11,21,38
29,30,48,12,06,09
34,09,28,24,19,42
04,29,03,38,32,53
51,15,29,19,52,06
34,32,07,14,18,27
06,35,43,28,34,25
13,48,37,28,49,55
34,12,37,16,13,19
35,36,21,42,38,54
50,11,10,19,45,13
44,18,09,49,11,24
05,10,31,37,53,46
28,01,53,46,05,11
51,50,38,26,03,16
50,19,03,16,46,26
44,51,20,35,17,03
30,25,51,20,28,48
50,03,54,44,20,18
33,30,41,28,38,19
13,16,33,47,30,01
09,11,36,50,48,15
35,36,51,01,55,03
48,02,37,53,55,06
05,10,38,52,22,54
27,04,30,47,52,45
12,54,51,06,09,40
22,24,39,27,01,31
31,55,26,41,33,04
43,15,07,50,31,28
46,54,36,08,30,44
15,55,02,30,52,06
47,14,46,25,53,07
55,10,46,37,07,22
30,23,26,34,12,08
26,52,49,43,16,45
13,54,38,47,07,26
28,29,44,52,09,01
20,29,04,17,45,55
15,23,06,52,39,29
45,54,18,33,52,04
32,08,48,34,55,17
19,12,53,07,24,48
33,30,43,11,53,31
06,44,29,26,33,01
28,27,26,51,42,16
25,24,02,55,09,33
47,12,22,52,21,55
23,28,19,22,08,51
46,52,55,08,24,10
39,15,50,34,30,41
23,54,03,43,30,36
17,07,38,08,05,10
25,42,32,38,50,13
41,31,16,09,22,32
43,20,54,12,32,29
09,28,08,52,42,02
15,22,04,54,31,33
04,26,35,02,46,52
03,20,30,14,38,32
02,52,38,13,11,55
16,28,48,22,30,50
26,54,45,09,12,22
55,53,48,43,28,52
02,40,08,06,55,09
28,51,30,05,36,39
03,50,16,54,33,21
06,18,31,25,34,36
23,08,35,31,49,24
19,02,32,09,52,46
02,05,35,21,38,22
33,51,42,13,01,17
04,26,35,25,31,40
54,12,48,55,50,04
42,35,19,11,39,45
31,11,20,52,24,53
50,24,48,45,52,13
16,36,35,43,23,01
19,47,36,02,04,34
30,26,21,49,35,09
47,10,44,09,01,18
01,45,02,39,31,11
40,37,43,24,41,48
43,17,04,19,55,08
25,44,31,14,08,38
09,47,42,43,50,21
03,53,33,52,06,34
36,12,31,39,42,40
52,38,32,01,06,07
42,07,25,39,24,43
29,32,39,08,35,02
20,23,12,27,21,16
22,35,16,10,03,32
05,44,51,47,15,07
20,22,28,38,43,46
35,14,41,55,32,29
37,39,29,26,24,01
20,34,52,10,04,35
26,35,08,21,18,29
13,24,27,51,20,40
37,23,27,05,26,39
12,24,13,02,49,06
06,33,54,42,36,41
09,46,35,51,43,08
02,09,49,21,24,11
02,04,06,08,24,01
20,51,33,13,44,54
19,01,15,17,43,48
30,03,52,49,05,41
22,38,16,05,46,29
26,34,39,52,22,47
39,01,55,23,31,45
22,53,20,34,16,38
01,40,03,05,17,07
39,14,27,37,11,23
53,41,16,05,20,48
29,38,22,13,15,01
40,48,29,52,09,18
52,03,11,27,06,51
18,14,37,45,23,20
05,39,50,45,41,43
11,39,13,41,37,32
41,17,49,26,29,27
03,01,17,12,27,05
07,43,19,51,25,21
38,24,04,19,11,44
43,39,27,50,40,24
20,08,07,34,32,06
53,48,04,36,30,21
34,37,40,21,04,05
23,27,41,16,24,26
28,39,23,45,20,53
53,28,15,41,03,45
52,29,33,05,40,03
30,23,02,47,45,12
50,14,11,09,53,54
29,38,54,36,14,49
25,44,48,55,42,15
32,07,10,21,20,19
03,41,21,40,17,55
03,47,54,14,18,16
26,49,54,31,38,32
39,18,50,15,04,23
31,16,34,08,52,20
16,38,30,27,22,37
41,50,24,26,52,03
29,06,28,45,36,07
48,20,52,11,22,05
45,26,39,33,25,50
44,03,40,43,02,48
35,41,17,55,23,28
12,33,27,02,50,53
06,12,13,34,17,47
06,12,13,34,17,47
24,12,43,45,05,25
36,19,08,14,10,52
55,23,11,33,12,26
55,07,44,18,35,28
13,10,14,15,41,47
17,49,30,12,43,08
12,21,19,50,47,01
23,54,09,22,25,38
14,08,48,46,01,44
36,50,51,45,43,14
09,46,30,06,43,01
38,54,18,09,01,25
46,20,44,52,23,14
48,49,50,35,39,10
40,35,19,06,02,28
25,54,36,43,28,44
11,14,39,42,55,26
45,25,50,10,15,05
04,26,48,18,15,01
50,27,09,01,12,05
35,07,23,10,48,45
11,35,44,10,20,38
31,52,33,35,40,24
22,44,02,42,04,49
41,26,46,53,31,40
43,06,05,39,24,17
08,11,14,50,44,51
37,52,35,31,47,51
12,52,11,20,45,08
26,27,34,03,14,02
33,36,07,28,38,08
46,14,13,40,06,27
03,28,14,32,20,15
14,03,06,38,42,34
39,32,38,31,12,47
26,15,27,42,30,49
40,14,22,17,50,45
22,37,04,33,55,32
03,08,27,25,05,44
23,45,50,51,54,49
07,22,06,11,51,37
32,37,52,15,06,19
05,41,39,38,14,25
14,06,22,03,46,53
55,34,03,12,43,54
17,42,16,12,26,05
42,32,35,15,49,19
25,54,04,22,55,24
51,55,14,43,10,50
36,51,09,46,14,10
06,29,01,19,10,32
05,22,50,02,16,40
10,29,38,32,33,47
53,31,44,40,52,55
15,17,05,14,02,32
15,21,55,09,30,53
27,40,10,01,29,09
03,29,08,05,17,38
31,34,43,26,39,50
52,47,34,24,08,13
09,49,23,34,30,26
01,24,29,21,48,33
51,37,04,15,32,55
30,36,13,33,31,02
15,38,04,20,45,37
50,01,42,03,17,39
18,22,19,04,13,53
01,07,41,51,30,04
51,37,52,39,38,28
08,23,19,09,40,28
22,03,33,17,14,24
47,26,32,11,25,45
12,27,45,37,15,52
43,50,33,49,25,20
12,41,53,30,19,48
18,28,10,40,21,25
54,10,45,41,49,12
46,13,34,37,28,47
33,04,37,30,27,03
17,25,29,13,03,15
21,47,37,15,26,17
04,09,28,42,51,01
41,51,16,32,21,11
04,37,11,13,42,53
23,40,11,10,37,45
53,23,10,27,03,44
03,16,44,32,47,38
01,51,12,44,29,22
02,38,51,54,44,50
46,12,30,28,19,36
45,47,26,08,54,50
28,17,49,05,06,21
54,06,28,38,40,50
07,12,52,26,40,48
10,16,47,15,39,09
41,16,36,43,19,34
28,30,20,49,26,40
13,20,14,34,49,27
43,06,26,04,53,20
33,20,29,50,16,13
45,19,42,28,50,17
48,36,43,39,06,10
26,54,18,37,28,42
02,12,22,27,03,29
41,48,02,05,37,34
48,13,31,11,08,24
10,22,40,29,51,42
24,03,50,25,22,23
23,03,31,55,37,48
03,52,17,35,33,42
18,23,22,24,09,52
08,28,46,40,24,45
41,30,20,07,22,26
52,03,10,46,34,48
38,29,04,05,46,36
09,13,36,27,05,10
33,13,37,55,53,40
22,37,54,36,38,18
54,02,52,24,11,04
18,52,17,02,54,55
42,52,20,39,19,40
51,19,05,29,26,17
03,09,34,01,15,40
45,51,04,23,44,14
49,16,42,03,26,06
03,44,17,52,16,27
49,17,22,52,06,41
53,13,04,19,33,44
34,12,10,16,21,01
04,54,25,35,12,15
38,34,37,49,05,09
26,13,17,52,20,40
10,17,36,19,30,50
05,10,42,50,27,41
20,08,55,26,47,48
04,54,45,15,16,08
02,39,15,08,22,27
01,19,13,42,21,48
50,07,55,25,36,28
39,11,20,04,01,07
24,49,36,28,23,54
42,07,43,18,37,38
09,25,55,34,05,02
55,50,48,21,18,54
28,53,32,54,50,14
47,17,50,39,30,55
36,35,48,37,51,04
01,11,35,54,41,24
51,45,41,16,43,07
22,15,53,07,05,38
46,44,36,35,43,41
44,03,33,23,43,07
27,49,47,25,54,29
23,44,22,26,16,12
53,15,09,12,41,16
45,30,35,36,21,10
30,11,47,24,54,48
40,41,20,37,52,11
10,26,31,16,17,01
31,20,32,29,17,48
01,14,10,25,51,38
16,53,46,49,51,29
30,02,05,23,06,24
01,02,46,47,11,32
27,14,18,13,03,46
36,14,44,39,22,40
50,28,33,26,04,03
42,12,44,49,38,11
11,26,28,24,38,05
46,39,33,05,45,26
08,49,17,38,43,06
51,50,02,25,52,22
21,46,26,04,22,17
42,10,47,29,15,53
52,13,50,37,19,49
42,49,29,41,27,03
36,41,35,44,03,40
51,54,49,37,35,08
06,01,28,13,26,45
06,35,22,55,01,32
44,05,11,22,16,27
48,38,23,39,37,29
38,35,11,22,39,47
28,01,25,32,47,05
13,28,03,40,34,15
37,17,38,26,23,01
38,15,27,13,53,08
40,28,11,24,48,15
25,02,27,09,01,43
02,41,06,26,30,09
06,37,01,39,51,36
21,38,39,10,45,14
07,51,24,22,19,27
24,46,13,25,09,15
02,47,55,04,21,13
31,47,28,26,41,35
41,36,51,53,08,20
12,47,02,41,23,09
35,09,43,01,06,17
47,06,03,36,16,46
10,15,05,09,47,52
30,23,19,28,48,22
13,01,50,10,51,54
51,40,33,06,12,55
06,12,02,13,48,15
43,14,20,09,31,03
40,30,19,38,46,35
22,31,49,54,02,37
30,22,07,46,15,52
10,52,30,45,06,29
13,48,40,36,39,34
49,13,16,12,42,11
13,19,43,33,41,46
22,04,24,06,09,49
28,26,54,23,33,43
33,47,34,15,08,39
08,53,40,29,50,32
51,42,20,27,17,23
11,02,54,28,50,48
37,45,05,47,26,24
31,47,55,11,37,42
43,54,53,45,27,24
38,15,18,16,42,33
55,13,15,39,51,22
47,17,31,20,11,51
29,47,36,41,44,27
20,15,49,27,50,29
09,02,21,22,20,42
21,29,39,42,06,14
17,54,09,41,08,20
16,05,20,46,33,50
27,14,41,05,28,51
24,50,44,03,16,18
35,15,16,01,33,55
07,08,16,01,44,28
21,30,07,33,08,49
27,22,54,03,35,19
27,49,06,30,19,22
46,24,31,44,09,14
02,06,39,42,27,24
06,36,40,28,39,15
11,51,45,35,32,13
28,30,06,32,23,03
50,42,26,05,22,23
02,10,19,43,48,41
17,30,53,05,43,08
54,35,14,55,34,11
46,40,33,29,47,25
07,13,05,25,28,03
20,05,47,39,33,54
49,44,12,55,19,06
21,48,06,32,37,43
02,47,48,21,18,14
07,10,08,23,03,43
32,01,02,38,17,05
28,13,21,25,07,31
54,24,44,04,40,55
25,48,05,51,28,11
18,37,03,41,10,01
08,32,15,18,01,21
14,46,05,22,51,40
38,10,31,43,09,42
10,24,35,12,55,42
03,16,38,29,55,26
08,33,39,55,10,28
07,31,33,49,16,42
16,55,09,10,08,40
55,43,10,53,06,31
33,21,24,52,54,38
21,02,18,10,01,15
22,21,18,39,23,09
43,45,06,08,27,13
38,21,23,28,19,51
06,27,37,31,52,46
02,50,52,47,53,34
36,18,21,13,32,53
14,09,51,28,29,35
49,10,41,22,47,42
08,45,47,05,21,40
34,40,55,48,13,43
03,53,17,35,55,24
54,35,22,09,02,08
41,36,21,47,04,11
03,10,05,14,43,23
50,43,33,23,27,14
37,02,45,49,46,13
19,27,21,25,16,33
29,42,12,41,01,35
44,11,55,54,35,28
24,41,10,18,31,22
44,10,51,36,55,48
28,20,41,11,05,27
27,02,23,49,15,52
52,31,55,43,18,34
41,31,16,29,52,14
37,07,26,46,24,52
15,24,08,05,10,43
03,33,04,40,34,35
26,13,04,54,47,14
34,48,46,03,50,10
01,39,02,24,16,33
50,40,54,53,44,29
18,43,06,41,44,48
50,44,03,37,41,14
45,29,40,14,32,05
39,29,09,21,19,20
13,17,25,06,23,19
49,11,51,13,45,18
41,17,49,39,06,32
04,36,28,29,17,49
12,29,15,06,54,05
28,55,52,22,41,35
48,30,19,38,34,02
24,32,07,11,09,49
33,34,41,36,05,39
29,17,38,07,06,41
52,17,55,45,21,49
55,33,36,46,02,32
46,54,13,01,38,30
22,09,02,08,06,15
54,47,07,46,06,39
48,43,12,09,31,36
44,48,50,37,07,19
09,16,46,05,43,54
43,15,55,35,49,52
01,55,11,20,25,28
43,15,39,42,13,49
48,53,34,24,44,16
46,29,30,34,04,20
49,53,32,06,44,10
09,17,45,39,35,15
06,29,32,47,09,20
16,24,33,15,30,37
10,15,36,08,23,05
24,36,35,07,23,10
27,51,16,28,04,18
29,51,23,34,55,08
52,17,19,10,54,22
17,35,49,33,16,31
02,25,37,01,53,48
43,26,53,44,06,23
50,44,17,52,01,41
55,32,24,37,40,04
30,45,55,21,06,51
24,18,52,42,19,37
15,46,42,43,27,34
20,39,48,15,24,25
43,10,30,21,50,05
47,54,38,23,35,52
50,37,36,06,09,20
50,09,29,36,37,52
23,42,34,25,48,41
25,27,19,45,14,20
32,08,11,33,42,41
31,11,45,07,54,08
34,41,27,17,19,53
11,29,34,50,10,17
48,22,23,51,09,26
19,14,13,40,10,16
02,48,12,42,44,06
46,23,42,13,53,52
02,03,41,15,33,46
55,21,51,38,22,37
42,21,44,10,51,25
50,31,53,46,16,44
37,48,28,24,01,32
31,55,01,21,52,48
33,32,08,06,14,05
01,09,50,14,37,17
09,13,41,36,49,45
48,55,21,05,18,52
51,02,49,47,46,36
54,10,17,53,39,06
22,51,41,31,16,39
49,01,40,21,20,55
07,09,51,02,24,39
13,31,41,35,09,25
42,06,09,29,33,01
49,06,26,55,03,14
02,18,49,07,19,47
24,30,41,40,52,12
34,13,06,03,52,26
28,16,33,13,09,36
32,48,06,29,08,24
20,46,14,55,33,10
41,36,02,33,23,05
32,45,10,39,20,35
07,40,27,15,54,22
19,37,29,33,50,06
15,12,33,42,51,54
28,43,49,35,07,51
21,19,29,16,05,14
12,30,47,29,42,34
40,17,19,41,14,20
36,25,06,23,18,19
14,22,53,29,12,26
08,37,42,17,33,23
24,49,07,47,25,45
01,40,33,24,30,45
34,36,03,35,17,04
41,27,32,34,05,01
29,19,16,18,09,52
15,12,16,17,03,09
17,51,33,25,21,46
54,11,48,10,09,38
36,06,07,33,38,39
48,42,18,06,46,28
23,45,36,28,17,18
17,24,36,15,34,18
20,06,29,18,52,44
20,06,29,18,52,44
30,46,20,17,34,15
48,31,42,40,11,50
52,30,36,42,45,34
07,52,03,34,46,50
54,11,26,46,33,51
09,45,36,27,18,54
26,14,51,10,12,08
09,32,37,34,31,33
22,06,43,42,17,44
03,36,15,41,51,28
24,25,31,54,19,14
37,42,45,20,54,41
40,46,37,48,29,20
47,16,11,05,22,40
44,50,07,52,46,36
27,32,53,37,39,36
35,45,29,06,33,02
52,05,42,18,15,11
30,35,51,05,26,54
22,16,13,27,38,43
40,03,34,37,19,15
49,10,16,22,51,55
22,25,01,02,28,41
23,15,18,24,26,32
40,07,51,12,09,02
41,19,02,47,45,54
27,54,03,46,45,25
28,25,31,48,45,17
15,35,51,26,40,48
30,20,11,45,21,18
21,32,09,13,40,34
45,08,04,28,17,13
15,55,43,53,40,47
02,19,48,24,43,52
54,22,10,28,14,26
24,35,53,47,05,44
12,04,43,49,42,47
11,46,09,12,43,16
33,38,29,08,13,50
24,48,08,38,45,11
07,14,13,54,30,19
41,47,09,51,21,43
05,21,20,10,29,50
30,25,20,41,17,42
05,35,13,39,27,09
30,33,54,43,41,32
08,49,02,44,07,19
44,13,19,33,27,39
35,07,11,30,23,55
39,43,18,07,29,52
47,34,06,15,51,01
16,44,36,47,37,13
04,52,21,48,15,30
03,44,10,13,23,11
27,49,07,04,26,33
40,30,44,33,51,27
10,34,28,46,04,14
03,15,27,35,16,51
40,08,45,06,23,41
08,17,12,01,35,03
24,04,40,46,38,21
32,19,43,27,29,45
04,25,21,53,23,27
17,15,40,42,38,51
07,25,15,22,44,54
55,44,03,14,41,16
15,20,08,28,19,05
34,33,50,17,27,13
44,32,31,41,29,46
09,08,05,01,30,52
08,26,17,41,37,49
53,48,40,23,24,02
14,29,09,06,38,15
48,36,42,55,11,22
45,29,12,03,26,51
16,21,25,29,15,06
01,24,39,06,53,40
26,03,43,10,54,14
07,50,38,34,51,22
25,50,49,38,21,19
49,53,03,31,22,08
36,38,47,43,28,15
26,23,34,41,45,29
05,33,49,47,28,42
21,37,33,34,55,25
05,15,43,06,22,18
23,28,25,24,36,30
07,10,09,55,28,18
51,19,41,14,35,20
29,13,53,27,54,23
20,02,52,13,44,45
53,02,05,41,09,51
44,26,51,11,21,45
05,48,14,09,33,02
53,17,37,13,23,04
03,11,02,51,31,43
19,46,03,34,04,28
04,16,26,24,14,47
43,14,01,15,33,45
42,17,06,08,12,04
09,43,46,51,36,16
15,18,02,29,16,24
46,18,15,08,27,37
01,33,43,53,26,20
28,32,12,09,18,50
48,10,18,42,30,54
45,08,40,02,15,19
48,24,47,39,33,15
02,39,53,49,27,55
04,13,51,37,34,01
11,17,28,06,09,01
17,20,29,02,22,39
19,27,28,05,33,10
54,22,23,49,42,41
30,14,05,27,34,42
18,15,43,25,34,19
20,13,19,43,24,15
11,04,43,36,51,18
10,18,33,39,23,11
28,10,01,35,30,48
47,45,41,06,37,48
21,26,15,48,35,30
20,22,52,54,33,30
05,01,27,26,44,11
48,24,02,12,42,43
28,40,38,35,19,52
19,32,25,12,17,36
34,46,48,23,21,30
55,35,42,23,11,01
48,28,17,55,47,22
15,38,23,28,03,49
49,55,20,52,36,47
54,02,03,21,13,06
03,24,19,01,17,11
11,36,23,34,15,27
46,38,43,04,08,17
43,15,02,33,16,25
51,01,43,13,18,53
16,01,06,34,02,38
54,55,26,45,43,24
04,03,33,07,20,22
07,11,06,15,49,12
41,39,14,09,31,04
23,25,01,26,14,28
18,12,29,07,28,50
42,28,30,34,33,01
41,17,07,51,39,46
12,04,48,06,43,55
10,02,17,04,35,51
55,50,06,45,12,40
50,48,02,55,46,09
42,32,54,44,11,39
31,54,29,52,24,12
45,23,11,13,46,04
09,27,44,49,11,24
09,02,26,49,22,30
03,31,28,37,55,25
39,52,45,22,11,17
30,17,06,12,04,29
18,35,36,34,20,21
11,40,03,53,44,38
47,02,04,44,54,25
50,39,30,40,33,18
46,29,17,54,30,50
03,30,05,06,02,14
14,07,37,20,47,43
55,37,09,26,10,43
11,48,25,02,30,38
12,34,03,29,15,40
04,42,44,49,39,21
54,49,42,39,19,35
51,50,27,49,11,24
44,17,07,49,35,14
14,32,54,44,52,47
46,43,06,30,15,01
33,18,47,26,24,20
33,25,10,14,18,51
21,33,32,54,01,52
52,08,41,11,27,31
48,02,54,41,19,35
52,05,06,38,27,53
42,52,49,50,32,08
38,17,27,33,42,48
06,10,02,17,23,51
11,26,46,05,38,50
51,32,11,19,40,10
38,18,45,20,31,51
29,30,11,09,46,32
46,26,37,01,27,08
04,32,52,06,46,26
24,32,05,07,09,44
33,03,55,41,01,09
55,48,05,16,40,24
25,20,24,28,06,09
48,54,37,06,53,16
41,35,44,50,51,32
25,21,07,49,32,22
27,05,51,43,54,12
22,05,51,48,01,25
52,04,24,42,26,39
16,47,23,40,54,06
08,18,24,17,28,04
50,53,22,32,07,42
11,28,53,54,03,37
45,35,55,47,37,42
24,50,52,09,51,03
21,48,10,29,44,30
02,33,10,51,13,23
48,46,30,29,15,42
02,25,06,35,13,07
09,53,17,51,43,52
30,37,27,04,31,05
10,07,19,40,20,29
20,43,49,31,06,24
40,38,36,21,37,42
24,39,01,21,37,03
29,04,54,38,12,39
44,36,50,42,21,11
07,46,14,54,30,44
27,55,48,54,31,03
15,08,02,49,50,45
42,44,01,24,47,02
22,18,35,39,48,08
49,37,51,36,50,10
32,25,16,36,33,29
07,31,49,33,32,40
24,22,20,05,25,28
22,55,24,48,44,43
53,39,30,54,11,40
13,42,35,27,33,30
26,01,10,35,12,18
13,41,05,50,49,54
33,51,42,20,47,46
40,36,35,26,03,37
12,49,14,40,54,31
15,02,06,52,19,24
17,52,37,43,38,11
45,18,30,23,11,14
42,53,37,30,29,21
04,35,45,32,13,15
09,37,24,23,07,52
17,26,30,39,14,07
04,16,54,34,23,29
23,02,37,16,11,32
46,01,06,40,27,35
51,09,47,41,40,04
30,43,55,41,50,37
45,54,09,31,47,08
29,32,19,47,30,02
45,16,42,41,50,01
48,41,04,40,24,43
36,52,29,24,28,42
01,39,28,20,07,27
13,39,05,33,35,11
11,21,29,04,53,31
49,53,26,41,03,17
08,16,25,44,06,34
17,01,34,06,50,45
27,29,14,24,41,20
49,43,26,03,21,50
13,53,24,51,38,31
19,39,20,24,25,27
36,50,29,02,13,46
35,54,05,41,06,22
49,29,45,35,08,11
16,34,24,15,11,21
35,06,04,32,48,28
25,21,23,10,36,42
42,16,24,07,12,31
41,37,29,36,49,04
17,45,10,06,47,44
08,03,09,46,41,38
03,04,29,49,30,08
13,41,22,52,17,20
51,43,04,06,12,48
28,09,21,30,23,46
43,51,52,44,29,47
53,11,20,04,19,51
34,22,46,43,33,28
41,08,46,35,20,30
45,37,23,55,32,21
10,35,09,08,21,28
25,44,43,34,40,03
33,21,40,42,52,37
16,27,07,25,54,30
02,03,04,16,44,40
39,43,41,16,25,45
22,05,52,46,23,35
32,42,36,23,48,37
28,04,49,35,30,01
16,20,35,39,51,53
47,40,24,29,16,13
35,49,52,38,55,13
10,53,06,34,42,08
05,04,26,03,20,30
25,27,28,35,29,53
52,36,31,21,01,53
11,46,43,38,18,45
44,16,40,13,42,15
16,45,27,39,38,09
33,21,37,40,49,50
03,51,01,11,16,10
08,50,44,40,07,13
32,45,07,22,17,03
31,03,17,47,24,20
41,34,23,09,45,27
15,09,30,52,49,14
21,34,26,06,44,27
22,09,05,21,37,30
02,15,45,31,19,24
06,20,05,28,29,10
13,10,12,52,40,33
30,34,27,39,02,38
46,45,12,22,41,13
28,42,04,55,45,39
55,09,02,21,26,08
10,28,03,53,41,20
54,12,33,31,02,10
04,34,48,09,19,41
05,43,40,25,27,36
17,52,06,01,43,05
35,45,26,17,07,51
55,46,20,44,23,42
49,39,26,10,36,53
39,05,20,11,47,01
20,51,17,31,45,50
12,06,48,35,14,39
53,16,47,21,07,40
26,48,12,50,52,10
26,14,30,54,40,23
04,02,35,23,42,03
52,29,40,42,16,55
49,26,43,20,08,39
27,01,16,11,50,03
54,47,50,44,52,40
07,46,30,49,24,12
14,01,25,32,10,27
04,17,26,09,41,07
19,15,07,33,49,25
25,17,41,34,08,18
01,53,08,50,38,40
16,09,41,18,20,05
09,18,02,01,37,32
33,41,20,43,15,18
42,11,47,12,30,54
01,16,08,41,42,17
49,10,42,34,35,27
21,40,15,55,10,54
42,55,39,31,07,48
25,48,26,08,46,53
24,14,22,41,10,52
33,47,38,15,16,03
45,46,33,23,03,48
45,26,17,52,20,54
45,44,50,38,55,42
49,35,01,20,43,31
38,27,21,23,11,10
13,21,24,31,09,03
18,25,22,06,28,44
09,14,45,05,03,15
20,32,21,31,13,50
13,34,51,04,22,07
47,21,32,40,28,02
22,52,33,49,02,34
45,22,23,32,03,30
20,48,47,10,26,55
48,29,27,43,17,30
51,21,01,16,33,38
35,48,01,18,02,19
24,33,14,43,06,39
49,07,37,36,31,20
53,24,31,50,06,22
07,54,47,32,43,09
53,46,32,29,44,10
11,41,54,49,10,45
15,21,37,55,49,22
04,33,45,23,47,31
28,06,11,43,53,13
14,51,28,34,53,22
04,51,41,44,43,31
02,28,04,46,11,49
13,49,48,30,17,03
41,30,23,33,55,42
20,13,09,34,01,08
07,09,17,13,24,35
37,34,19,32,39,54
06,12,41,34,44,50
16,38,37,25,36,04
04,29,24,32,12,40
21,30,27,38,29,03
52,33,19,44,21,43
44,16,30,34,54,55
50,42,29,45,11,08
20,08,52,24,05,25
09,10,20,38,55,36
35,55,50,47,14,34
19,31,36,45,13,16
47,44,45,13,10,50
47,14,41,46,51,49
54,08,28,23,52,43
09,50,26,30,07,03
13,11,38,34,18,10
47,06,36,11,53,42
41,34,37,26,30,28
27,55,44,19,48,43
22,02,35,37,42,19
27,24,01,31,53,23
24,52,20,34,22,43
51,09,42,28,40,31
10,26,43,45,04,30
51,21,42,04,25,17
30,29,42,28,02,43
33,51,28,23,31,20
43,24,07,29,08,27
27,21,49,02,16,07
04,19,43,25,47,26
51,49,21,17,47,54
52,33,40,48,31,06
36,12,02,26,51,29
53,26,03,22,01,06
17,19,02,06,09,42
43,17,37,09,53,04
25,32,46,44,26,36
33,55,48,19,01,50
36,32,28,14,49,45
03,45,05,18,21,28
05,08,22,06,02,45
18,08,42,03,32,24
01,07,02,11,41,37
05,03,42,27,45,34
03,54,24,36,18,46
11,29,13,48,20,09
42,55,49,29,03,36
25,35,19,12,05,45
52,13,40,27,05,11
46,54,21,51,49,42
01,02,31,13,14,44
32,53,20,08,45,54
35,49,44,53,16,31
39,31,19,24,29,12
11,32,16,09,04,24
09,35,45,52,41,38
12,13,55,02,30,14
42,13,52,04,31,12
01,53,46,52,08,18
44,08,12,29,05,39
17,25,04,11,37,52
42,30,49,06,03,45
40,17,12,29,11,48
48,45,23,30,43,17
07,45,32,42,06,28
48,28,35,26,05,41
09,45,21,39,14,06
24,35,41,15,45,13
11,17,38,01,07,49
01,31,13,43,33,20
02,40,31,17,43,10
54,20,24,30,39,29
43,09,41,18,48,27
29,04,34,20,01,48
14,45,24,55,44,16
52,50,08,45,04,48
39,33,30,53,01,23
49,46,45,02,33,25
41,44,40,09,26,49
35,55,09,44,33,07
27,31,15,36,23,54
45,19,21,50,28,20
02,21,32,37,45,30
05,37,17,10,47,54
46,34,13,20,01,17
25,28,01,42,13,50
21,27,51,19,14,53
31,45,44,54,42,28
15,37,17,26,06,40
39,55,01,02,31,12
22,46,24,04,23,38
05,35,27,52,39,28
50,51,18,12,15,23
44,22,02,42,26,39
49,08,12,29,22,18
14,39,42,35,25,30
41,03,49,48,13,19
50,12,27,07,47,05
42,41,21,05,45,11
48,02,51,30,49,20
03,32,07,37,42,21
53,48,24,36,39,07
10,13,16,36,05,12
11,52,14,21,30,07
05,44,40,12,50,22
28,50,32,12,08,38
03,40,11,53,39,26
36,43,44,45,11,41
24,42,33,19,06,20
17,15,41,27,25,10
38,41,42,02,05,49
54,50,14,02,25,38
52,08,35,37,42,32
36,22,49,51,45,05
53,30,06,17,11,45
46,52,09,37,40,17
25,54,15,38,45,28
14,08,01,51,39,48
05,45,03,35,49,42
53,38,23,01,10,18
18,13,39,51,19,21
41,16,45,20,52,01
44,25,14,52,45,38
50,01,41,40,32,35
13,42,06,45,24,33
20,15,33,50,03,45
34,41,44,37,38,19
32,13,31,08,14,44
47,43,36,09,07,11
02,48,43,41,42,11
40,07,49,19,34,23
28,09,41,22,48,07
34,28,48,25,55,03
24,19,16,33,36,06
19,01,37,07,41,51
13,53,36,11,39,15
54,37,20,15,21,10
44,30,17,01,19,50
45,49,33,43,38,54
55,02,43,10,14,13
44,39,47,31,26,02
03,14,25,13,23,22
42,41,48,24,22,44
35,16,54,21,04,06
14,28,37,41,10,51
09,23,03,49,50,01
20,23,05,35,33,45
23,17,52,04,34,27
14,51,28,06,27,08
05,07,18,33,38,27
33,13,44,50,47,42
17,44,02,05,28,45
38,32,08,20,19,09
50,24,34,21,45,03
24,33,48,42,05,22
42,27,16,54,50,20
05,06,15,53,17,55
02,18,47,12,32,11
43,33,10,26,42,14
29,25,44,39,13,05
01,18,51,19,21,05
27,34,31,54,23,03
32,42,17,55,50,19
54,28,47,36,35,29
23,24,09,40,13,17
52,10,50,53,26,28
51,54,39,50,24,40
32,43,20,46,09,15
04,25,09,54,15,31
33,36,17,40,22,45
30,43,51,44,46,32
41,43,35,15,10,40
43,19,20,12,21,51
42,02,54,35,41,49